0.1     0.0
0.2     0.0
0.3     0.0
0.4     0.0
0.5     0.0
0.6     0.0
0.7     0.0
0.8     0.0
0.9     0.0
1.0     0.0
1.1     0.0
1.2     0.0
1.3     0.0
1.4     0.0
1.5     0.0
1.6     0.0
1.7     0.0
1.8     0.0
1.9     2.9240002068905432e-05
2.0     7.379074035271236e-05
2.1     0.0001375794105936262
2.2     0.00022476727979792974
2.3     0.0003396997250546777
2.4     0.00048685748812417014
2.5     0.000670809944202123
2.6     0.0008961709814023528
2.7     0.0011675579146846653
2.8     0.0014895537125080309
2.9     0.0018666726941296429
3.0     0.002303329757599152
3.1     0.0028038131204119574
3.2     0.003372260493829789
3.3     0.004012638565539379
3.4     0.004728725631292801
3.5     0.005524097192381374
3.6     0.006402114320407005
3.7     0.007365914582236212
3.8     0.008418405314883245
3.9     0.009562259041205508
4.0     0.010799910821727763
4.1     0.012133557344825109
4.2     0.013565157566214703
4.3     0.015096434718681152
4.4     0.016728879523743898
4.5     0.018463754448208566
4.6     0.020302098859944648
4.7     0.022244734948577663
4.8     0.024292274287905116
4.9     0.026445124927614944
5.0     0.028703498912209958
5.1     0.03106742013485758
5.2     0.03353673244314936
5.3     0.03611110792244562
5.4     0.038790055290587946
5.5     0.04157292834528795
5.6     0.044458934412455506
5.7     0.04744714275012969
5.8     0.05053649286854377
5.9     0.05372580273221503
6.0     0.05701377681482976
6.1     0.060399013982119866
6.2     0.0638800151819306
6.3     0.06745519092428662
6.4     0.0711228685375047
6.5     0.07488129918930303
6.6     0.07872866466444671
6.7     0.08266308389277043
6.8     0.08668261922345816
6.9     0.09078528244325754
7.0     0.09496904053788506
7.1     0.09923182119725767
7.2     0.10357151806638427
7.3     0.1079859957447857
7.4     0.11247309453819808
7.5     0.11703063496706871
7.6     0.12165642203698748
7.7     0.126348249276724
7.8     0.13110390254997162
7.9     0.13592116364724544
8.0     0.140797813664651
8.1     0.14573163617644255
8.2     0.15072042020843285
8.3     0.15576196301940654
8.4     0.1608540726977335
8.5     0.16599457058038278
8.6     0.1711812935015066
8.7     0.176412095877703
8.8     0.18168485163697856
8.9     0.18699745599832307
9.0     0.19234782710868073
9.1     0.1977339075439575
9.2     0.20315366568054888
9.3     0.20860509694370405
9.4     0.2140862249388674
9.5     0.21959510247195593
9.6     0.2251298124643446
9.7     0.23068846876814111
9.8     0.23626921688713992
9.9     0.24187023460865206
10.0     0.24748973255121498
10.1     0.2531259546329944
10.2     0.2587771784655011
10.3     0.26444171567705693
10.4     0.2701179121702618
10.5     0.27580414831752975
10.6     0.2814988390985878
10.7     0.2872004341836564
10.8     0.292907417965862
10.9     0.29861830954626983
11.0     0.30433166267476286
11.1     0.31004606564984155
11.2     0.3157601411802677
11.3     0.32147254621133203
11.4     0.32718197171838626
11.5     0.33288714247014445
11.6     0.33858681676413144
11.7     0.34427978613652954
11.8     0.3499648750485567
11.9     0.3556409405513933
12.0     0.36130687193156596
12.1     0.36696159033859044
12.2     0.3726040483965747
12.3     0.37823322980138724
12.4     0.3838481489049031
12.5     0.3894478502877515
12.6     0.39503140832190553
12.7     0.40059792672437394
12.8     0.40614653810317763
12.9     0.4116764034967222
13.0     0.41718671190760703
13.1     0.42267667983184654
13.2     0.4281455507844158
13.3     0.4335925948219732
13.4     0.43901710806355687
13.5     0.44441841220999695
13.6     0.4497958540627357
13.7     0.45514880504269867
13.8     0.46047666070988763
13.9     0.4657788402838107
14.0     0.4710547861663611
14.1     0.4763039634661544
14.2     0.4815258595258617
14.3     0.48671998345250145
14.4     0.49188586565113523
14.5     0.49702305736230645
14.6     0.5021311302035337
14.7     0.507209675715142
14.8     0.5122583049106896
14.9     0.5172766478322243
15.0     0.52226435311058
15.1     0.5272210875309019
15.2     0.5321465356035716
15.3     0.5370403991406795
15.4     0.5419023968381794
15.5     0.5467322638638409
15.6     0.5515297514510982
15.7     0.5562946264988835
15.8     0.5610266711775159
15.9     0.5657256825407054
16.0     0.5703914721437195
16.1     0.5750238656677503
16.2     0.5796227025505061
16.3     0.5841878356230465
16.4     0.588719130752868
16.5     0.5932164664932381
16.6     0.5976797337387734
16.7     0.6021088353872425
16.8     0.6065036860075751
16.9     0.6108642115140483
17.0     0.6151903488466164
17.1     0.6194820456573468
17.2     0.6237392600029185
17.3     0.6279619600431359
17.4     0.6321501237454064
17.5     0.6363037385951278
17.6     0.6404228013119262
17.7     0.644507317571685
17.8     0.6485573017343
17.9     0.6525727765770961
18.0     0.656553773033836
18.1     0.6605003299392529
18.2     0.6644124937790343
18.3     0.6682903184451846
18.4     0.6721338649966921
18.5     0.6759432014254263
18.6     0.6797184024271874
18.7     0.6834595491778339
18.8     0.6871667291144085
18.9     0.6908400357211865
19.0     0.6944795683205675
19.1     0.6980854318687327
19.2     0.7016577367559903
19.3     0.705196598611728
19.4     0.7087021381138986
19.5     0.7121744808029574
19.6     0.7156137569001751
19.7     0.7190201011302496
19.8     0.7223936525481384
19.9     0.7257345543700362
20.0     0.7290429538084227
20.1     0.7323190019111034
20.2     0.735562853404171
20.3     0.7387746665388119
20.4     0.7419546029418859
20.5     0.7451028274702067
20.6     0.7482195080684507
20.7     0.7513048156306149
20.8     0.7543589238650003
20.9     0.7573820091625687
21.0     0.7603742504686509
21.1     0.7633358291579845
21.2     0.766266928912933
21.3     0.7691677356048674
21.4     0.7720384371786346
21.5     0.7748792235400518
21.6     0.7776902864463616
21.7     0.7804718193995897
21.8     0.7832240175427406
21.9     0.7859470775587755
22.0     0.7886411975723105
22.1     0.7913065770539807
22.2     0.7939434167274092
22.3     0.7965519184787306
22.4     0.7991322852686088
22.5     0.8016847210466991
22.6     0.8042094306684997
22.7     0.8067066198145413
22.8     0.8091764949118633
22.9     0.8116192630577272
23.0     0.8140351319455169
23.1     0.8164243097927781
23.2     0.8187870052713497
23.3     0.8211234274395398
23.4     0.8234337856763011
23.5     0.8257182896173608
23.6     0.8279771490932611
23.7     0.8302105740692666
23.8     0.8324187745870967
23.9     0.8346019607084418
24.0     0.8367603424602221
24.1     0.8388941297815485
24.2     0.8410035324723483
24.3     0.8430887601436149
24.4     0.8451500221692467
24.5     0.8471875276394353
24.6     0.849201485315569
24.7     0.8511921035866166
24.8     0.8531595904269534
24.9     0.8551041533556007
25.0     0.8570259993968401
25.1     0.858925335042174
25.2     0.8608023662135986
25.3     0.8626572982281574
25.4     0.8644903357637468
25.5     0.8663016828261414
25.6     0.8680915427172112
25.7     0.8698601180043009
25.8     0.8716076104907433
25.9     0.8733342211874807
26.0     0.875040150285764
26.1     0.8767255971309063
26.2     0.8783907601970632
26.3     0.8800358370630154
26.4     0.8816610243889274
26.5     0.8832665178940597
26.6     0.8848525123354102
26.7     0.8864192014872592
26.8     0.8879667781215997
26.9     0.8894954339894269
27.0     0.8910053598028653
27.1     0.8924967452181155
27.2     0.8939697788191947
27.3     0.8954246481024547
27.4     0.8968615394618551
27.5     0.8982806381749726
27.6     0.8996821283897274
27.7     0.9010661931118079
27.8     0.9024330141927754
27.9     0.9037827723188303
28.0     0.905115647000223
28.1     0.9064318165612918
28.2     0.9077314581311114
28.3     0.909014747634735
28.4     0.9102818597850143
28.5     0.9115329680749817
28.6     0.9127682447707794
28.7     0.9139878609051195
28.8     0.9151919862712619
28.9     0.9163807894174939
29.0     0.9175544376420994
29.1     0.9187130969888017
29.2     0.919856932242668
29.3     0.9209861069264624
29.4     0.9221007832974343
29.5     0.9232011223445281
29.6     0.9242872837860053
29.7     0.9253594260674637
29.8     0.9264177063602435
29.9     0.9274622805602091
30.0     0.9284933032868945
30.1     0.9295109278830017
30.2     0.9305153064142414
30.3     0.9315065896695057
30.4     0.9324849271613628
30.5     0.9334504671268622
30.6     0.934403356528643
30.7     0.935343741056334
30.8     0.9362717651282364
30.9     0.9371875718932813
31.0     0.9380913032332514
31.1     0.9389830997652594
31.2     0.93986310084447
31.3     0.9407314445670786
31.4     0.9415882677734952
31.5     0.9424337060517743
31.6     0.9432678937412381
31.7     0.9440909639363346
31.8     0.9449030484906793
31.9     0.9457042780212944
32.0     0.9464947819130358
32.1     0.947274688323199
32.2     0.9480441241862992
32.3     0.9488032152190171
32.4     0.949552085925306
32.5     0.9502908596016529
32.6     0.9510196583424873
32.7     0.9517386030457322
32.8     0.9524478134184928
32.9     0.9531474079828742
33.0     0.953837504081926
33.1     0.9545182178857058
33.2     0.9551896643974584
33.3     0.9558519574599046
33.4     0.9565052097616339
33.5     0.9571495328435983
33.6     0.9577850371057008
33.7     0.9584118318134747
33.8     0.9590300251048488
33.9     0.959639723996995
34.0     0.9602410343932531
34.1     0.960834061090129
34.2     0.9614189077843628
34.3     0.9619956770800617
34.4     0.9625644704958958
34.5     0.9631253884723503
34.6     0.9636785303790335
34.7     0.9642239945220348
34.8     0.9647618781513304
34.9     0.9652922774682333
35.0     0.9658152876328838
35.1     0.9663310027717777
35.2     0.9668395159853296
35.3     0.9673409193554671
35.4     0.9678353039532543
35.5     0.9683227598465415
35.6     0.9688033761076367
35.7     0.9692772408209993
35.8     0.9697444410909507
35.9     0.9702050630494005
36.0     0.9706591918635856
36.1     0.9711069117438207
36.2     0.9715483059512554
36.3     0.9719834568056394
36.4     0.9724124456930896
36.5     0.9728353530738608
36.6     0.9732522584901149
36.7     0.9736632405736882
36.8     0.974068377053855
36.9     0.9744677447650844
37.0     0.97486141965479
37.1     0.97524947679107
37.2     0.9756319903704354
37.3     0.976009033725526
37.4     0.9763806793328123
37.5     0.9767469988202797
37.6     0.9771080629750978
37.7     0.9774639417512683
37.8     0.9778147042772546
37.9     0.9781604188635885
38.0     0.9785011530104549
38.1     0.9788369734152519
38.2     0.9791679459801252
38.3     0.9794941358194774
38.4     0.9798156072674479
38.5     0.9801324238853654
38.6     0.9804446484691703
38.7     0.9807523430568067
38.8     0.9810555689355818
38.9     0.9813543866494939
39.0     0.9816488560065264
39.1     0.9819390360859072
39.2     0.9822249852453333
39.3     0.9825067611281602
39.4     0.9827844206705528
39.5     0.9830580201086012
39.6     0.9833276149853964
39.7     0.9835932601580688
39.8     0.9838550098047864
39.9     0.9841129174317137
40.0     0.98436703587993
40.1     0.9846174173323063
40.2     0.984864113320341
40.3     0.9851071747309531
40.4     0.9853466518132341
40.5     0.9855825941851555
40.6     0.9858150508402337
40.7     0.9860440701541514
40.8     0.9862696998913343
40.9     0.9864919872114838
41.0     0.9867109786760648
41.1     0.9869267202547485
41.2     0.9871392573318096
41.3     0.9873486347124786
41.4     0.9875548966292472
41.5     0.9877580867481288
41.6     0.9879582481748717
41.7     0.9881554234611267
41.8     0.9883496546105677
41.9     0.9885409830849652
42.0     0.9887294498102138
42.1     0.9889150951823118
42.2     0.9890979590732943
42.3     0.9892780808371187
42.4     0.989455499315503
42.5     0.9896302528437173
42.6     0.9898023792563271
42.7     0.9899719158928897
42.8     0.990138899603603
42.9     0.9903033667549073
43.0     0.9904653532350387
43.1     0.9906248944595366
43.2     0.9907820253767022
43.3     0.990936780473011
43.4     0.9910891937784773
43.5     0.9912392988719713
43.6     0.9913871288864903
43.7     0.9915327165143814
43.8     0.9916760940125179
43.9     0.9918172932074292
44.0     0.9919563455003831
44.1     0.9920932818724225
44.2     0.9922281328893544
44.3     0.9923609287066939
44.4     0.9924916990745607
44.5     0.9926204733425308
44.6     0.992747280464441
44.7     0.9928721490031489
44.8     0.9929951071352464
44.9     0.9931161826557284
45.0     0.993235402982616
45.1     0.9933527951615349
45.2     0.9934683858702485
45.3     0.9935822014231476
45.4     0.9936942677756939
45.5     0.9938046105288213
45.6     0.9939132549332914
45.7     0.9940202258940066
45.8     0.9941255479742793
45.9     0.9942292454000573
46.0     0.9943313420641068
46.1     0.9944318615301524
46.2     0.9945308270369745
46.3     0.9946282615024643
46.4     0.9947241875276369
46.5     0.9948186274006025
46.6     0.994911603100496
46.7     0.9950031363013654
46.8     0.9950932483760192
46.9     0.9951819603998332
47.0     0.9952692931545154
47.1     0.9953552671318331
47.2     0.9954399025372983
47.3     0.9955232192938139
47.4     0.9956052370452807
47.5     0.9956859751601644
47.6     0.9957654527350248
47.7     0.995843688598006
47.8     0.9959207013122882
47.9     0.9959965091795014
48.0     0.9960711302431022
48.1     0.9961445822917119
48.2     0.996216882862418
48.3     0.9962880492440397
48.4     0.9963580984803551
48.5     0.9964270473732935
48.6     0.9964949124860913
48.7     0.996561710146412
48.8     0.996627456449431
48.9     0.9966921672608847
49.0     0.996755858220086
49.1     0.9968185447429041
49.2     0.9968802420247103
49.3     0.9969409650432901
49.4     0.9970007285617217
49.5     0.9970595471312205
49.6     0.9971174350939511
49.7     0.9971744065858066
49.8     0.9972304755391544
49.9     0.9972856556855513
50.0     0.997339960558425
50.1     0.9973934034957254
50.2     0.9974459976425435
50.3     0.9974977559536999
50.4     0.9975486911963022
50.5     0.9975988159522717
50.6     0.9976481426208407
50.7     0.9976966834210184
50.8     0.9977444503940288
50.9     0.9977914554057183
51.0     0.9978377101489342
51.1     0.9978832261458745
51.2     0.9979280147504096
51.3     0.9979720871503748
51.4     0.9980154543698361
51.5     0.9980581272713269
51.6     0.9981001165580585
51.7     0.9981414327761026
51.8     0.9981820863165473
51.9     0.9982220874176263
52.0     0.9982614461668221
52.1     0.9983001725029428
52.2     0.9983382762181727
52.3     0.9983757669600987
52.4     0.9984126542337094
52.5     0.9984489474033714
52.6     0.998484655694779
52.7     0.9985197881968801
52.8     0.9985543538637786
52.9     0.998588361516611
53.0     0.9986218198454012
53.1     0.9986547374108905
53.2     0.9986871226463448
53.3     0.998718983859339
53.4     0.9987503292335181
53.5     0.9987811668303366
53.6     0.9988115045907746
53.7     0.9988413503370333
53.8     0.9988707117742068
53.9     0.9988995964919347
54.0     0.998928011966031
54.1     0.9989559655600937
54.2     0.9989834645270931
54.3     0.9990105160109389
54.4     0.9990371270480277
54.5     0.9990633045687699
54.6     0.9990890553990969
54.7     0.9991143862619485
54.8     0.9991393037787408
54.9     0.9991638144708151
55.0     0.9991879247608674
55.1     0.9992116409743591
55.2     0.9992349693409099
55.3     0.999257915995671
55.4     0.9992804869806813
55.5     0.9993026882462046
55.6     0.9993245256520503
55.7     0.9993460049688754
55.8     0.9993671318794695
55.9     0.999387911980023
56.0     0.9994083507813784
56.1     0.9994284537102638
56.2     0.9994482261105115
56.3     0.999467673244259
56.4     0.999486800293134
56.5     0.9995056123594239
56.6     0.9995241144672298
56.7     0.9995423115636035
56.8     0.9995602085196708
56.9     0.9995778101317384
57.0     0.9995951211223866
57.1     0.9996121461415463
57.2     0.999628889767562
57.3     0.9996453565082404
57.4     0.9996615508018838
57.5     0.9996774770183103
57.6     0.99969313945986
57.7     0.9997085423623865
57.8     0.9997236898962356
57.9     0.9997385861672108
58.0     0.9997532352175243
58.1     0.9997676410267364
58.2     0.9997818075126804
58.3     0.9997957385323759
58.4     0.9998094378829291
58.5     0.9998229093024203
58.6     0.9998361564707797
58.7     0.9998491830106501
58.8     0.9998619924882385
58.9     0.9998745884141556
59.0     0.999886974244243
59.1     0.9998991533803899
59.2     0.9999111291713373
59.3     0.9999229049134715
59.4     0.9999344838516064
59.5     0.9999458691797551
59.6     0.9999570640418899
59.7     0.999968071532692
59.8     0.9999788946982909
59.9     0.9999895365369932
60.0     1.0000000000000000
