0.1   0.0
0.2   0.0
0.3   0.0
0.4   0.0
0.5   0.0
0.6   0.0
0.7   0.0
0.8   0.0
0.9   0.0
1.0   0.0
1.1   0.0
1.2   0.0
1.3   0.0
1.4   0.0
1.5   0.0
1.6   0.0
1.7   0.0
1.8   0.0
1.9   0.00012396684561810818
2.0   0.0002942398013795918
2.1   0.0005167538506599641
2.2   0.0007968189669917999
2.3   0.00113912978576699
2.4   0.0015477862025324346
2.5   0.0020263212494963318
2.6   0.0025777335342702544
2.7   0.0032045222360459367
2.8   0.003908723194924028
2.9   0.004691945039593054
3.0   0.005555404607722069
3.1   0.006499961145954682
3.2   0.007526148950450626
3.3   0.008634208238435534
3.4   0.009824114136841065
3.5   0.011095603743989199
3.6   0.01244820127062112
3.7   0.0138812413021502
3.8   0.015393890248466312
3.9   0.01698516606371338
4.0   0.01865395632832574
4.1   0.020399034790861317
4.2   0.022219076469045015
4.3   0.02411267140887395
4.4   0.026078337198349705
4.5   0.028114530328931155
4.6   0.03021965649355071
4.7   0.032392079905310386
4.8   0.03463013171599799
4.9   0.03693211760850288
5.0   0.03929632463218538
5.1   0.04172102734534852
5.2   0.044204493324234026
5.3   0.046744988093454586
5.4   0.04934077952850491
5.5   0.05199014177697704
5.6   0.054691358741344995
5.7   0.05744272716267793
5.8   0.060242559341383665
5.9   0.0630891855280662
6.0   0.06598095601479113
6.1   0.0689162429544791
6.2   0.07189344193377681
6.3   0.07491097332257533
6.4   0.07796728342134207
6.5   0.08106084542559504
6.6   0.08419016022516271
6.7   0.08735375705432805
6.8   0.09055019400754134
6.9   0.09377805843409207
7.0   0.09703596722394549
7.1   0.10032256699586713
7.2   0.10363653419796759
7.3   0.10697657512989561
7.4   0.11034142589507999
7.5   0.11372985229066528
7.6   0.11714064964209633
7.7   0.1205726425886759
7.8   0.12402468482584382
7.9   0.12749565880940095
8.0   0.13098447542642014
8.1   0.13449007363714915
8.2   0.13801142009180964
8.3   0.14154750872583116
8.4   0.1450973603367263
8.5   0.14866002214550778
8.6   0.15223456734527183
8.7   0.15582009463931776
8.8   0.159415727770943
8.9   0.16302061504684226
9.0   0.166633928855846
9.1   0.17025486518455965
9.2   0.17388264313130336
9.3   0.1775165044196075
9.4   0.1811557129123858
9.5   0.18479955412778665
9.6   0.18844733475761355
9.7   0.19209838218910466
9.8   0.19575204403077018
9.9   0.19940768764290331
10.0   0.20306469967330484
10.1   0.20672248559869266
10.2   0.2103804692722049
10.3   0.21403809247734926
10.4   0.217694814488699
10.5   0.22135011163959006
10.6   0.22500347689703104
10.7   0.228654419444
10.8   0.23230246426926734
10.9   0.23594715176485276
11.0   0.2395880373311962
11.1   0.24322469099009786
11.2   0.24685669700545831
11.3   0.2504836535118313
11.4   0.25410517215078127
11.5   0.2577208777150235
11.6   0.2613304078003081
11.7   0.2649334124649977
11.8   0.2685295538972767
11.9   0.2721185060899191
12.0   0.2756999545225343
12.1   0.2792735958512012
12.2   0.28283913760539514
12.3   0.2863962978921056
12.4   0.2899448051070377
12.5   0.293484397652787
12.6   0.29701482366387244
12.7   0.3005358407385095
12.8   0.3040472156770043
12.9   0.3075487242266464
13.0   0.31104015083297626
13.1   0.3145212883973043
13.2   0.31799193804035564
13.3   0.3214519088719152
13.4   0.3249010177663489
13.5   0.32833908914387455
13.6   0.33176595475745946
13.7   0.3351814534852199
13.8   0.3385854311282003
13.9   0.3419777402134104
14.0   0.34535823980199987
14.1   0.3487267953024516
14.2   0.35208327828867586
14.3   0.3554275663228897
14.4   0.35875954278316724
14.5   0.36207909669554855
14.6   0.3653861225705964
14.7   0.368680520244292
14.8   0.37196219472316333
14.9   0.37523105603354073
15.0   0.37848701907483706
15.1   0.3817300034767516
15.2   0.38495993346029883
15.3   0.3881767377025648
15.4   0.3913803492050968
15.5   0.3945707051658334
15.6   0.3977477468544835
15.7   0.400911419491266
15.8   0.4040616721289235
15.9   0.4071984575379244
16.0   0.410321732094771
16.1   0.41343145567333284
16.2   0.41652759153912494
16.3   0.4196101062464554
16.4   0.4226789695383656
16.5   0.4257341542492903
16.6   0.42877563621036513
16.7   0.43180339415731234
16.8   0.4348174096408355
16.9   0.4378176669394575
17.0   0.44080415297473674
17.1   0.4437768572287974
17.2   0.44673577166411343
17.3   0.44968089064548517
17.4   0.45261221086415054
17.5   0.4555297312639736
17.6   0.45843345296965476
17.7   0.46132337921690875
17.8   0.46419951528455755
17.9   0.4670618684284869
18.0   0.46991044781741625
18.1   0.4727452644704337
18.2   0.4755663311962484
18.3   0.47837366253411423
18.4   0.4811672746963799
18.5   0.48394718551262156
18.6   0.4867134143753158
18.7   0.4894659821870107
18.8   0.4922049113089558
18.9   0.49493022551115046
19.0   0.49764194992377364
19.1   0.5003401109899568
19.2   0.5030247364198644
19.3   0.5056958551460469
19.4   0.5083534972800311
19.5   0.5109976940701157
19.6   0.5136284778603389
19.7   0.5162458820505863
19.8   0.5188499410578089
19.9   0.5214406902783211
20.0   0.5240181660511496
20.1   0.5265824056224052
20.2   0.529133447110649
20.3   0.5316713294732277
20.4   0.5341960924735507
20.5   0.5367077766492842
20.6   0.5392064232814375
20.7   0.5416920743643183
20.8   0.5441647725763312
20.9   0.5466245612516004
21.0   0.549071484352391
21.1   0.5515055864423094
21.2   0.5539269126602622
21.3   0.5563355086951506
21.4   0.5587314207612841
21.5   0.5611146955744917
21.6   0.5634853803289122
21.7   0.5658435226744468
21.8   0.5681891706948546
21.9   0.5705223728864744
22.0   0.5728431781375563
22.1   0.5751516357081856
22.2   0.5774477952107857
22.3   0.5797317065911809
22.4   0.5820034201102068
22.5   0.5842629863258528
22.6   0.5865104560759227
22.7   0.588745880461198
22.8   0.5909693108290935
22.9   0.5931807987577887
23.0   0.5953803960408246
23.1   0.5975681546721522
23.2   0.5997441268316214
23.3   0.6019083648708978
23.4   0.6040609212997967
23.5   0.6062018487730222
23.6   0.6083312000773013
23.7   0.6104490281189028
23.8   0.6125553859115291
23.9   0.6146503265645731
24.0   0.6167339032717281
24.1   0.6188061692999434
24.2   0.6208671779787149
24.3   0.622916982689703
24.4   0.6249556368566666
24.5   0.6269831939357084
24.6   0.6289997074058203
24.7   0.6310052307597211
24.8   0.6329998174949807
24.9   0.6349835211054207
25.0   0.6369563950727856
25.1   0.6389184928586766
25.2   0.6408698678967415
25.3   0.6428105735851127
25.4   0.6447406632790889
25.5   0.6466601902840504
25.6   0.6485692078486066
25.7   0.6504677691579641
25.8   0.6523559273275139
25.9   0.654233735396629
26.0   0.6561012463226684
26.1   0.6579585129751809
26.2   0.6598055881303042
26.3   0.661642524465353
26.4   0.663469374553592
26.5   0.6652861908591883
26.6   0.6670930257323385
26.7   0.6688899314045659
26.8   0.6706769599841824
26.9   0.6724541634519126
27.0   0.6742215936566728
27.1   0.6759793023115037
27.2   0.6777273409896508
27.3   0.6794657611207884
27.4   0.6811946139873848
27.5   0.6829139507212033
27.6   0.6846238222999362
27.7   0.6863242795439677
27.8   0.6880153731132623
27.9   0.6896971535043762
28.0   0.6913696710475861
28.1   0.6930329759041348
28.2   0.6946871180635888
28.3   0.6963321473413049
28.4   0.6979681133760032
28.5   0.699595065627444
28.6   0.7012130533742049
28.7   0.7028221257115553
28.8   0.7044223315494267
28.9   0.7060137196104743
29.0   0.7075963384282301
29.1   0.7091702363453417
29.2   0.7107354615118969
29.3   0.7122920618838311
29.4   0.7138400852214137
29.5   0.7153795790878144
29.6   0.716910590847743
29.7   0.7184331676661654
29.8   0.7199473565070889
29.9   0.7214532041324183
30.0   0.7229507571008799
30.1   0.7244400617670098
30.2   0.7259211642802075
30.3   0.7273941105838504
30.4   0.7288589464144692
30.5   0.7303157173009814
30.6   0.7317644685639816
30.7   0.733205245315087
30.8   0.7346380924563369
30.9   0.7360630546796434
31.0   0.7374801764662928
31.1   0.7388895020864968
31.2   0.7402910755989902
31.3   0.741684940850675
31.4   0.74307114147631
31.5   0.744449720898243
31.6   0.7458207223261855
31.7   0.7471841887570284
31.8   0.7485401629746975
31.9   0.7498886875500469
32.0   0.7512298048407903
32.1   0.7525635569914682
32.2   0.7538899859334504
32.3   0.755209133384972
32.4   0.7565210408512029
32.5   0.757825749624349
32.6   0.7591233007837842
32.7   0.7604137351962124
32.8   0.7616970935158586
32.9   0.7629734161846884
33.0   0.7642427434326537
33.1   0.765505115277966
33.2   0.7667605715273941
33.3   0.7680091517765868
33.4   0.76925089541042
33.5   0.7704858416033659
33.6   0.771714029319885
33.7   0.7729354973148397
33.8   0.7741502841339284
33.9   0.77535842811414
34.0   0.7765599673842278
34.1   0.7777549398652018
34.2   0.7789433832708395
34.3   0.7801253351082138
34.4   0.7813008326782384
34.5   0.7824699130762283
34.6   0.7836326131924772
34.7   0.7847889697128494
34.8   0.7859390191193858
34.9   0.7870827976909248
35.0   0.788220341503736
35.1   0.7893516864321669
35.2   0.7904768681493025
35.3   0.7915959221276364
35.4   0.7927088836397534
35.5   0.7938157877590237
35.6   0.7949166693603068
35.7   0.7960115631206661
35.8   0.7971005035200935
35.9   0.7981835248422424
36.0   0.7992606611751707
36.1   0.8003319464120912
36.2   0.8013974142521311
36.3   0.8024570982010988
36.4   0.8035110315722581
36.5   0.8045592474871098
36.6   0.8056017788761793
36.7   0.8066386584798114
36.8   0.8076699188489707
36.9   0.8086955923460478
37.0   0.8097157111456713
37.1   0.8107303072355243
37.2   0.8117394124171662
37.3   0.8127430583068592
37.4   0.8137412763363988
37.5   0.8147340977539483
37.6   0.8157215536248775
37.7   0.8167036748326046
37.8   0.8176804920794414
37.9   0.8186520358874416
38.0   0.8196183365992523
38.1   0.8205794243789674
38.2   0.8215353292129837
38.3   0.8224860809108596
38.4   0.8234317091061754
38.5   0.8243722432573948
38.6   0.8253077126487294
38.7   0.8262381463910031
38.8   0.8271635734225188
38.9   0.8280840225099253
39.0   0.828999522249086
39.1   0.8299101010659472
39.2   0.830815787217408
39.3   0.8317166087921899
39.4   0.8326125937117067
39.5   0.8335037697309348
39.6   0.834390164439283
39.7   0.8352718052614629
39.8   0.8361487194583578
39.9   0.8370209341278917
40.0   0.8378884762058983
40.1   0.8387513724669885
40.2   0.839609649525417
40.3   0.8404633338359485
40.4   0.841312451694723
40.5   0.8421570292401188
40.6   0.8429970924536154
40.7   0.8438326671606545
40.8   0.8446637790314997
40.9   0.8454904535820943
41.0   0.8463127161749181
41.1   0.8471305920198419
41.2   0.8479441061749801
41.3   0.8487532835475419
41.4   0.8495581488946802
41.5   0.8503587268243384
41.6   0.8511550417960952
41.7   0.8519471181220071
41.8   0.8527349799674484
41.9   0.8535186513519496
42.0   0.8542981561500324
42.1   0.8550735180920426
42.2   0.8558447607649812
42.3   0.8566119076133316
42.4   0.8573749819398852
42.5   0.8581340069065636
42.6   0.8588890055352387
42.7   0.8596400007085494
42.8   0.8603870151707157
42.9   0.8611300715283502
43.0   0.8618691922512659
43.1   0.862604399673282
43.2   0.8633357159930256
43.3   0.8640631632747316
43.4   0.8647867634490382
43.5   0.8655065383137798
43.6   0.8662225095347775
43.7   0.8669346986466252
43.8   0.867643127053473
43.9   0.8683478160298075
44.0   0.8690487867212283
44.1   0.8697460601452222
44.2   0.8704396571919325
44.3   0.8711295986249267
44.4   0.8718159050819592
44.5   0.8724985970757319
44.6   0.8731776949946505
44.7   0.8738532191035777
44.8   0.8745251895445831
44.9   0.8751936263376893
45.0   0.8758585493816143
45.1   0.8765199784545117
45.2   0.8771779332147053
45.3   0.8778324332014219
45.4   0.8784834978355199
45.5   0.8791311464202141
45.6   0.8797753981417973
45.7   0.8804162720703586
45.8   0.881053787160497
45.9   0.8816879622520329
46.0   0.8823188160707149
46.1   0.8829463672289234
46.2   0.8835706342263702
46.3   0.8841916354507955
46.4   0.8848093891786603
46.5   0.885423913575835
46.6   0.886035226698286
46.7   0.8866433464927564
46.8   0.8872482907974449
46.9   0.8878500773426801
47.0   0.8884487237515916
47.1   0.8890442475407773
47.2   0.8896366661209674
47.3   0.890225996797684
47.4   0.8908122567718981
47.5   0.8913954631406822
47.6   0.8919756328978595
47.7   0.89255278293465
47.8   0.8931269300403122
47.9   0.8936980909027814
48.0   0.8942662821093051
48.1   0.8948315201470741
48.2   0.8953938214038498
48.3   0.8959532021685891
48.4   0.8965096786320643
48.5   0.8970632668874806
48.6   0.8976139829310892
48.7   0.8981618426627974
48.8   0.8987068618867752
48.9   0.8992490563120578
49.0   0.8997884415531452
49.1   0.9003250331305981
49.2   0.9008588464716298
49.3   0.9013898969106959
49.4   0.9019181996900788
49.5   0.9024437699604702
49.6   0.9029666227815493
49.7   0.9034867731225581
49.8   0.9040042358628727
49.9   0.9045190257925716
50.0   0.9050311576130006
50.1   0.9055406459373337
50.2   0.906047505291132
50.3   0.9065517501128971
50.4   0.9070533947546233
50.5   0.9075524534823451
50.6   0.9080489404766818
50.7   0.9085428698333788
50.8   0.9090342555638457
50.9   0.9095231115956902
51.0   0.9100094517732505
51.1   0.9104932898581226
51.2   0.9109746395296855
51.3   0.9114535143856226
51.4   0.9119299279424403
51.5   0.9124038936359828
51.6   0.9128754248219443
51.7   0.9133445347763776
51.8   0.9138112366961999
51.9   0.914275543699695
52.0   0.9147374688270127
52.1   0.9151970250406649
52.2   0.9156542252260189
52.3   0.9161090821917869
52.4   0.9165616086705132
52.5   0.9170118173190578
52.6   0.9174597207190774
52.7   0.917905331377503
52.8   0.9183486617270142
52.9   0.9187897241265116
53.0   0.9192285308615848
53.1   0.9196650941449785
53.2   0.9200994261170551
53.3   0.9205315388462544
53.4   0.9209614443295507
53.5   0.9213891544929067
53.6   0.921814681191724
53.7   0.9222380362112923
53.8   0.9226592312672335
53.9   0.923078278005945
54.0   0.9234951880050389
54.1   0.9239099727737788
54.2   0.9243226437535138
54.3   0.9247332123181096
54.4   0.9251416897743768
54.5   0.9255480873624968
54.6   0.9259524162564442
54.7   0.9263546875644073
54.8   0.9267549123292055
54.9   0.9271531015287036
55.0   0.9275492660762243
55.1   0.9279434168209574
55.2   0.9283355645483662
55.3   0.928725719980592
55.4   0.929113893776855
55.5   0.9295000965338539
55.6   0.9298843387861611
55.7   0.930266631006617
55.8   0.9306469836067209
55.9   0.9310254069370196
56.0   0.9314019112874933
56.1   0.9317765068879388
56.2   0.9321492039083509
56.3   0.9325200124593005
56.4   0.9328889425923109
56.5   0.9332560043002311
56.6   0.9336212075176069
56.7   0.9339845621210494
56.8   0.9343460779296016
56.9   0.9347057647051019
57.0   0.9350636321525458
57.1   0.9354196899204447
57.2   0.9357739476011825
57.3   0.9361264147313705
57.4   0.9364771007921989
57.5   0.9368260152097869
57.6   0.9371731673555298
57.7   0.9375185665464442
57.8   0.9378622220455108
57.9   0.9382041430620155
58.0   0.9385443387518869
58.1   0.9388828182180331
58.2   0.9392195905106754
58.3   0.9395546646276798
58.4   0.9398880495148869
58.5   0.9402197540664389
58.6   0.9405497871251048
58.7   0.940878157482604
58.8   0.941204873879926
58.9   0.9415299450076506
59.0   0.9418533795062636
59.1   0.9421751859664714
59.2   0.9424953729295144
59.3   0.942813948887476
59.4   0.9431309222835926
59.5   0.9434463015125587
59.6   0.9437600949208316
59.7   0.9440723108069338
59.8   0.9443829574217532
59.9   0.9446920429688416
60.0   0.9449995756047108
60.1   0.9453055634391271
60.2   0.9456100145354037
60.3   0.9459129369106912
60.4   0.9462143385362662
60.5   0.9465142273378179
60.6   0.9468126111957328
60.7   0.9471094979453778
60.8   0.947404895377381
60.9   0.947698811237911
61.0   0.9479912532289541
61.1   0.9482822290085895
61.2   0.9485717461912636
61.3   0.948859812348061
61.4   0.9491464350069754
61.5   0.9494316216531768
61.6   0.949715379729279
61.7   0.9499977166356035
61.8   0.9502786397304429
61.9   0.9505581563303217
62.0   0.9508362737102563
62.1   0.951112999104012
62.2   0.9513883397043601
62.3   0.9516623026633311
62.4   0.9519348950924679
62.5   0.9522061240630769
62.6   0.9524759966064773
62.7   0.9527445197142485
62.8   0.953011700338476
62.9   0.9532775453919967
63.0   0.9535420617486406
63.1   0.9538052562434727
63.2   0.9540671356730321
63.3   0.9543277067955706
63.4   0.9545869763312882
63.5   0.9548449509625692
63.6   0.9551016373342143
63.7   0.9553570420536732
63.8   0.9556111716912744
63.9   0.9558640327804541
64.0   0.9561156318179832
64.1   0.9563659752641933
64.2   0.9566150695432007
64.3   0.9568629210431292
64.4   0.9571095361163311
64.5   0.9573549210796074
64.6   0.9575990822144259
64.7   0.9578420257671382
64.8   0.958083757949195
64.9   0.9583242849373603
65.0   0.9585636128739241
65.1   0.9588017478669133
65.2   0.959038695990302
65.3   0.9592744632842196
65.4   0.9595090557551579
65.5   0.9597424793761771
65.6   0.9599747400871098
65.7   0.9602058437947644
65.8   0.9604357963731261
65.9   0.9606646036635583
66.0   0.9608922714750007
66.1   0.9611188055841672
66.2   0.9613442117357428
66.3   0.9615684956425783
66.4   0.9617916629858841
66.5   0.9620137194154231
66.6   0.9622346705497016
66.7   0.9624545219761597
66.8   0.9626732792513599
66.9   0.9628909479011748
67.0   0.9631075334209732
67.1   0.9633230412758055
67.2   0.9635374769005872
67.3   0.9637508457002821
67.4   0.9639631530500834
67.5   0.9641744042955939
67.6   0.9643846047530055
67.7   0.9645937597092769
67.8   0.9648018744223102
67.9   0.9650089541211273
68.0   0.9652150040060433
68.1   0.9654200292488404
68.2   0.9656240349929402
68.3   0.9658270263535745
68.4   0.9660290084179552
68.5   0.9662299862454435
68.6   0.9664299648677173
68.7   0.9666289492889378
68.8   0.9668269444859156
68.9   0.9670239554082741
69.0   0.9672199869786143
69.1   0.967415044092676
69.2   0.9676091316194994
69.3   0.9678022544015855
69.4   0.9679944172550554
69.5   0.9681856249698079
69.6   0.968375882309677
69.7   0.9685651940125879
69.8   0.9687535647907122
69.9   0.9689409993306217
70.0   0.9691275022934418
70.1   0.9693130783150032
70.2   0.9694977320059933
70.3   0.9696814679521062
70.4   0.9698642907141917
70.5   0.9700462048284036
70.6   0.970227214806347
70.7   0.9704073251352241
70.8   0.9705865402779802
70.9   0.9707648646734472
71.0   0.970942302736488
71.1   0.971118858858138
71.2   0.9712945374057474
71.3   0.9714693427231217
71.4   0.971643279130661
71.5   0.9718163509254993
71.6   0.9719885623816428
71.7   0.9721599177501057
71.8   0.9723304212590478
71.9   0.9725000771139088
72.0   0.9726688894975433
72.1   0.9728368625703538
72.2   0.9730040004704241
72.3   0.9731703073136505
72.4   0.9733357871938731
72.5   0.973500444183006
72.6   0.9736642823311662
72.7   0.9738273056668028
72.8   0.9739895181968237
72.9   0.9741509239067234
73.0   0.9743115267607084
73.1   0.9744713307018226
73.2   0.9746303396520716
73.3   0.9747885575125464
73.4   0.9749459881635464
73.5   0.9751026354647009
73.6   0.9752585032550909
73.7   0.9754135953533692
73.8   0.9755679155578806
73.9   0.9757214676467799
74.0   0.9758742553781511
74.1   0.976026282490124
74.2   0.9761775527009916
74.3   0.9763280697093254
74.4   0.9764778371940909
74.5   0.976626858814762
74.6   0.9767751382114346
74.7   0.9769226790049397
74.8   0.9770694847969558
74.9   0.97721555917012
75.0   0.9773609056881397
75.1   0.9775055278959016
75.2   0.9776494293195822
75.3   0.9777926134667558
75.4   0.9779350838265031
75.5   0.978076843869518
75.6   0.9782178970482148
75.7   0.978358246796834
75.8   0.9784978965315477
75.9   0.9786368496505642
76.0   0.9787751095342319
76.1   0.9789126795451428
76.2   0.9790495630282354
76.3   0.9791857633108964
76.4   0.9793212837030619
76.5   0.9794561274973191
76.6   0.9795902979690053
76.7   0.9797237983763081
76.8   0.979856631960364
76.9   0.9799888019453566
77.0   0.9801203115386146
77.1   0.9802511639307081
77.2   0.9803813622955458
77.3   0.9805109097904702
77.4   0.980639809556353
77.5   0.9807680647176896
77.6   0.9808956783826933
77.7   0.9810226536433885
77.8   0.9811489935757034
77.9   0.9812747012395626
78.0   0.9813997796789785
78.1   0.9815242319221423
78.2   0.9816480609815149
78.3   0.9817712698539163
78.4   0.9818938615206152
78.5   0.9820158389474182
78.6   0.9821372050847573
78.7   0.9822579628677784
78.8   0.9823781152164279
78.9   0.9824976650355395
79.0   0.9826166152149203
79.1   0.9827349686294362
79.2   0.9828527281390973
79.3   0.9829698965891418
79.4   0.9830864768101205
79.5   0.9832024716179797
79.6   0.9833178838141445
79.7   0.9834327161856012
79.8   0.9835469715049788
79.9   0.9836606525306307
80.0   0.9837737620067156
80.1   0.9838863026632775
80.2   0.9839982772163259
80.3   0.9841096883679152
80.4   0.9842205388062232
80.5   0.9843308312056298
80.6   0.9844405682267949
80.7   0.9845497525167357
80.8   0.9846583867089037
80.9   0.9847664734232611
81.0   0.9848740152663568
81.1   0.984981014831402
81.2   0.9850874746983452
81.3   0.985193397433947
81.4   0.9852987855918536
81.5   0.9854036417126713
81.6   0.9855079683240391
81.7   0.9856117679407019
81.8   0.9857150430645826
81.9   0.9858177961848537
82.0   0.9859200297780093
82.1   0.9860217463079359
82.2   0.9861229482259827
82.3   0.986223637971032
82.4   0.9863238179695687
82.5   0.9864234906357499
82.6   0.9865226583714732
82.7   0.9866213235664459
82.8   0.9867194885982522
82.9   0.9868171558324211
83.0   0.986914327622494
83.1   0.9870110063100905
83.2   0.9871071942249758
83.3   0.987202893685126
83.4   0.987298106996794
83.5   0.9873928364545741
83.6   0.9874870843414674
83.7   0.9875808529289457
83.8   0.987674144477016
83.9   0.9877669612342832
84.0   0.9878593054380141
84.1   0.9879511793142
84.2   0.9880425850776187
84.3   0.9881335249318971
84.4   0.9882240010695726
84.5   0.9883140156721544
84.6   0.9884035709101843
84.7   0.9884926689432975
84.8   0.9885813119202826
84.9   0.9886695019791418
85.0   0.9887572412471496
85.1   0.9888445318409124
85.2   0.9889313758664273
85.3   0.9890177754191405
85.4   0.9891037325840049
85.5   0.9891892494355381
85.6   0.9892743280378798
85.7   0.9893589704448488
85.8   0.9894431786999991
85.9   0.9895269548366771
86.0   0.9896103008780768
86.1   0.9896932188372957
86.2   0.9897757107173902
86.3   0.9898577785114306
86.4   0.9899394242025554
86.5   0.9900206497640257
86.6   0.9901014571592794
86.7   0.9901818483419849
86.8   0.9902618252560937
86.9   0.9903413898358946
87.0   0.9904205440060652
87.1   0.9904992896817251
87.2   0.9905776287684877
87.3   0.9906555631625116
87.4   0.9907330947505528
87.5   0.9908102254100152
87.6   0.9908869570090015
87.7   0.9909632914063642
87.8   0.9910392304517551
87.9   0.9911147759856759
88.0   0.9911899298395273
88.1   0.9912646938356587
88.2   0.9913390697874171
88.3   0.9914130594991959
88.4   0.9914866647664832
88.5   0.9915598873759099
88.6   0.9916327291052983
88.7   0.9917051917237085
88.8   0.9917772769914869
88.9   0.9918489866603123
89.0   0.9919203224732432
89.1   0.9919912861647644
89.2   0.9920618794608326
89.3   0.9921321040789227
89.4   0.9922019617280736
89.5   0.9922714541089334
89.6   0.9923405829138042
89.7   0.9924093498266879
89.8   0.9924777565233297
89.9   0.9925458046712631
90.0   0.9926134959298537
90.1   0.9926808319503431
90.2   0.9927478143758924
90.3   0.9928144448416258
90.4   0.992880724974673
90.5   0.9929466563942123
90.6   0.9930122407115136
90.7   0.9930774795299798
90.8   0.9931423744451896
90.9   0.9932069270449387
91.0   0.993271138909282
91.1   0.993335011610574
91.2   0.9933985467135109
91.3   0.9934617457751705
91.4   0.9935246103450535
91.5   0.9935871419651231
91.6   0.9936493421698459
91.7   0.9937112124862312
91.8   0.9937727544338707
91.9   0.9938339695249783
92.0   0.9938948592644287
92.1   0.9939554251497968
92.2   0.9940156686713965
92.3   0.9940755913123185
92.4   0.9941351945484694
92.5   0.9941944798486092
92.6   0.9942534486743894
92.7   0.9943121024803904
92.8   0.9943704427141592
92.9   0.9944284708162462
93.0   0.9944861882202424
93.1   0.9945435963528161
93.2   0.9946006966337493
93.3   0.9946574904759743
93.4   0.9947139792856095
93.5   0.9947701644619953
93.6   0.9948260473977303
93.7   0.9948816294787061
93.8   0.9949369120841428
93.9   0.9949918965866245
94.0   0.9950465843521336
94.1   0.9951009767400856
94.2   0.9951550751033639
94.3   0.9952088807883537
94.4   0.9952623951349764
94.5   0.995315619476723
94.6   0.9953685551406883
94.7   0.9954212034476042
94.8   0.9954735657118727
94.9   0.9955256432415996
95.0   0.995577437338627
95.1   0.995628949298566
95.2   0.9956801804108296
95.3   0.9957311319586646
95.4   0.9957818052191839
95.5   0.9958322014633989
95.6   0.9958823219562508
95.7   0.9959321679566424
95.8   0.9959817407174695
95.9   0.9960310414856522
96.0   0.9960800715021662
96.1   0.9961288320020729
96.2   0.9961773242145513
96.3   0.9962255493629276
96.4   0.9962735086647061
96.5   0.9963212033315991
96.6   0.9963686345695573
96.7   0.9964158035787991
96.8   0.9964627115538408
96.9   0.996509359683526
97.0   0.9965557491510548
97.1   0.996601881134013
97.2   0.9966477568044015
97.3   0.9966933773286646
97.4   0.9967387438677189
97.5   0.9967838575769822
97.6   0.9968287196064013
97.7   0.9968733311004806
97.8   0.9969176931983099
97.9   0.9969618070335926
98.0   0.9970056737346731
98.1   0.9970492944245646
98.2   0.9970926702209764
98.3   0.9971358022363412
98.4   0.9971786915778424
98.5   0.9972213393474407
98.6   0.9972637466419011
98.7   0.9973059145528196
98.8   0.9973478441666497
98.9   0.9973895365647286
99.0   0.9974309928233037
99.1   0.9974722140135585
99.2   0.9975132012016382
99.3   0.9975539554486761
99.4   0.9975944778108188
99.5   0.9976347693392518
99.6   0.9976748310802248
99.7   0.997714664075077
99.8   0.9977542693602621
99.9   0.997793647967373
100.0   0.9978328009231671
