332	0	-64.341342	-157.69623	200.051707	0	1	0.00E+00	0
333	0	-24.768463	-157.69623	160.37927	0	1	0.00E+00	0
334	0	-77.542437	-157.69623	150.832364	0	1	0.00E+00	0
335	0	-44.554903	-157.69623	180.215489	0	1	0.00E+00	0
336	0	-57.755998	-156.82488	130.996145	0	1	0.00E+00	0
337	0	19.125292	-157.69623	246.046266	0	1	0.00E+00	0
338	0	7.66569018	-157.69623	192.087346	0	1	0.00E+00	0
339	0	-31.907189	-157.69623	231.759783	0	1	0.00E+00	0
340	0	38.9117314	-157.36278	226.210047	0	1	0.00E+00	0
341	0	-12.120749	-157.69623	211.923565	0	1	0.00E+00	0
342	0	-18.820509	-157.86896	91.4207652	0	1	0.00E+00	0
343	0	14.8044156	-157.69623	120.706832	0	1	0.00E+00	0
344	0	-4.9820238	-157.69623	140.543051	0	1	0.00E+00	0
345	0	34.590855	-158.16855	100.870613	0	1	0.00E+00	0
346	0	-38.606948	-157.69623	111.256984	0	1	0.00E+00	0
347	0	27.4521296	-157.69623	172.251127	0	1	0.00E+00	0
348	0	59.3254772	-157.69623	206.28688	0	1	0.00E+00	0
349	0	47.2385689	-157.69623	152.414908	0	1	0.00E+00	0
350	0	79.1119166	-156.79436	186.450661	0	1	0.00E+00	0
351	0	67.0250083	-157.69623	132.578689	0	1	0.00E+00	0
352	9	-15.23916697	121.0653663	249.6523797	0.00E+00	-1	0.00E+00	1
353	9	-81.33827	121.206131	183.127181	0.00E+00	-1	0.00E+00	1
354	9	46.8804199	121.718815	234.884727	0.00E+00	-1	0.00E+00	1
355	9	-47.802031	121.564449	236.496633	0.00E+00	-1	0.00E+00	1
356	9	-67.930469	121.639206	215.757157	0.00E+00	-1	0.00E+00	1
357	9	-81.581048	121.206131	154.452182	0.00E+00	-1	0.00E+00	1
358	9	-68.507604	121.206131	121.748748	0.00E+00	-1	0.00E+00	1
359	9	-15.114858	121.206131	86.7779769	0.00E+00	-1	0.00E+00	1
360	9	-46.862741	121.664118	101.45482	0.00E+00	-1	0.00E+00	1
361	9	48.3502277	121.512054	100.330305	0.00E+00	-1	0.00E+00	1
362	9	81.4633409	121.206131	153.766317	0.00E+00	-1	0.00E+00	1
363	9	15.4678669	121.413361	86.2532731	0.00E+00	-1	0.00E+00	1
364	9	29.4471737	121.206131	170.200516	0.00E+00	-1	0.00E+00	1
365	9	81.3601622	121.206131	183.008199	0.00E+00	-1	0.00E+00	1
366	9	67.7823784	121.206131	215.50548	0.00E+00	-1	0.00E+00	1
367	9	68.3523842	121.401528	121.010643	0.00E+00	-1	0.00E+00	1
368	9	-0.5714347	121.206131	138.97572	0.00E+00	-1	0.00E+00	1
369	9	15.0492684	121.206131	249.434187	0.00E+00	-1	0.00E+00	1
370	9	-2.6891781	121.206131	198.122078	0.00E+00	-1	0.00E+00	1
371	9	-29.699184	121.206131	168.082773	0.00E+00	-1	0.00E+00	1
372	7	88.643882	45.7954136	225.178416	-0.92076	-0.0118607	-0.3879045	2
373	6	102.729817	45.7954136	144.379548	-0.9249582	0.0034223	0.38005319	2
374	7	88.6189266	-82.904015	225.129406	-0.92076	-0.0118607	-0.3879045	2
375	7	102.162212	45.7954136	192.037933	-0.92076	-0.0118607	-0.3879045	2
376	7	102.162212	-41.4025	192.037933	-0.92076	-0.0118607	-0.3879045	2
377	7	88.6688375	-40.617908	225.227425	-0.92076	-0.0118607	-0.3879045	2
378	6	102.761159	-40.108117	144.440227	-0.9249582	0.0034223	0.38005319	2
379	6	102.6984749	-82.42208064	144.3188683	-0.9249582	0.0034223	0.38005319	2
380	6	89.283869	45.7954136	111.714848	-0.9249582	0.0034223	0.38005319	2
381	6	89.283869	-40.978911	111.714848	-0.9249582	0.0034223	0.38005319	2
382	6	82.2613473	1.04300546	117.631511	-0.9249582	0.0034223	0.38005319	3
383	5	23.3794656	45.7954136	64.6879352	-0.3765238	-0.0130824	0.92629019	2
384	4	-56.256628	46.0207396	78.9637954	0.3862042	-0.0223683	0.92213632	2
385	4	-22.828107	-82.72244	64.4953261	0.3862042	-0.0223683	0.92213632	2
386	4	-23.014242	45.7954136	64.6272329	0.3862042	-0.0223683	0.92213632	2
387	5	23.37946563	-40.13139075	64.68793522	-0.3765238	-0.0130824	0.92629019	2
388	4	-23.200376	-39.510248	64.7591396	0.3862042	-0.0223683	0.92213632	2
389	5	55.8318187	45.79541362	78.05539	-0.3765238	-0.0130824	0.92629019	2
390	5	55.9622601	-41.1395759	78.12817194	-0.3765238	-0.0130824	0.92629019	2
391	4	-56.002276	-39.667552	78.5266307	0.3862042	-0.0223683	0.92213632	2
392	5	55.7013774	-83.1304592	77.98260806	-0.3765238	-0.0130824	0.92629019	2
393	4	-49.893893	1.04300546	85.9857939	0.3862042	-0.0223683	0.92213632	3
394	3	-89.393284	-40.337873	112.7497062	0.9222563	-0.0025943	0.3865435	2
395	2	-103.0617	-83.636168	190.300171	0.92372753	0.00187934	-0.3830443	2
396	2	-103.26512	-41.371443	190.754185	0.92372753	0.00187934	-0.3830443	2
397	2	-103.16341	45.7954136	190.527178	0.92372753	0.00187934	-0.3830443	2
398	3	-102.8461	45.7954136	144.498671	0.9222563	-0.0025943	0.3865435	2
399	3	-89.148496	-82.829759	111.741998	0.9222563	-0.0025943	0.3865435	2
400	2	-89.548513	45.7954136	223.213019	0.92372753	0.00187934	-0.3830443	2
401	3	-102.8461	-40.782386	144.498671	0.9222563	-0.0025943	0.3865435	2
402	2	-89.548513	-40.915921	223.213019	0.92372753	0.00187934	-0.3830443	2
403	3	-89.27089	45.7954136	112.2458521	0.9222563	-0.0025943	0.3865435	2
404	2	-82.048939	1.04300546	218.626024	0.92372753	0.00187934	-0.3830443	3
405	8	50.57385421	1.043005463	250.0400039	-0.3773816	0.00035279	-0.9260398	3
406	8	23.86784719	-39.93783495	271.2631285	-0.3773816	0.00035279	-0.9260398	2
407	8	56.37581639	-40.208964	257.0806729	-0.3773816	0.00035279	-0.9260398	2
408	1	-55.813025	-86.056166	257.227508	0.38530308	0.00451611	-0.9227789	2
409	1	-54.831847	-41.162772	257.827017	0.38530308	0.00451611	-0.9227789	2
410	1	-23.36755	45.7954136	271.310628	0.38530308	0.00451611	-0.9227789	2
411	1	-55.322436	45.7954136	257.527263	0.38530308	0.00451611	-0.9227789	2
412	1	-23.36755	-40.81201	271.310628	0.38530308	0.00451611	-0.9227789	2
413	8	56.37581639	45.79541362	257.0806729	-0.3773816	0.00035279	-0.9260398	2
414	8	22.81956092	-83.69586304	271.1280563	-0.3773816	0.00035279	-0.9260398	2
415	8	23.34370406	45.79541362	271.1955924	-0.3773816	0.00035279	-0.9260398	2
416	3	-93.344713	86.3140351	145.31685	0.9222563	-0.0025943	0.3865435	0
417	2	-93.894418	-128.5164	189.19198	0.92372753	0.00187934	-0.3830443	0
418	3	-82.383432	-129.25437	119.0016816	0.9222563	-0.0025943	0.3865435	0
419	3	-92.918961	-85.763192	144.57407	0.9222563	-0.0025943	0.3865435	0
420	2	-82.048939	-85.943095	218.626024	0.92372753	0.00187934	-0.3830443	0
421	3	-82.383432	1.34346681	119.0016816	0.9222563	-0.0025943	0.3865435	0
422	3	-82.383432	86.3140351	119.0016816	0.9222563	-0.0025943	0.3865435	0
423	2	-93.894418	86.3140351	189.19198	0.92372753	0.00187934	-0.3830443	0
424	2	-93.894418	1.04300546	189.19198	0.92372753	0.00187934	-0.3830443	0
425	3	-93.770465	0.68372049	146.059631	0.9222563	-0.0025943	0.3865435	0
426	2	-82.048939	86.3140351	218.626024	0.92372753	0.00187934	-0.3830443	0
427	3	-93.344713	-129.25437	145.31685	0.9222563	-0.0025943	0.3865435	0
428	1	-22.153992	1.04300546	262.013226	0.38530308	0.00451611	-0.9227789	0
429	1	-22.427735	-129.76704	261.805574	0.38530308	0.00451611	-0.9227789	0
430	8	22.17293489	86.65221252	261.4273582	-0.3773816	0.00035279	-0.9260398	0
431	8	21.97602983	-129.7995667	261.7297607	-0.3773816	0.00035279	-0.9260398	0
432	4	-49.792456	-85.200833	85.0514976	0.3862042	-0.0223683	0.92213632	0
433	5	50.2730828	-128.521794	85.54883652	-0.3765238	-0.0130824	0.92629019	0
434	5	23.0136803	-128.66148	74.0955539	-0.3765238	-0.0130824	0.92629019	0
435	4	-22.528446	1.04300546	75.0486654	0.3862042	-0.0223683	0.92213632	0
436	4	-22.528446	-129.25437	75.0486654	0.3862042	-0.0223683	0.92213632	0
437	5	22.7963823	86.3140351	73.7831023	-0.3765238	-0.0130824	0.92629019	0
438	5	50.2730828	86.31403507	85.54883652	-0.3765238	-0.0130824	0.92629019	0
439	5	22.5790842	-85.804226	73.4706508	-0.3765238	-0.0130824	0.92629019	0
440	5	22.7963823	1.04300546	73.7831023	-0.3765238	-0.0130824	0.92629019	0
441	5	50.2730828	1.043005463	85.54883652	-0.3765238	-0.0130824	0.92629019	0
442	4	-49.99533	86.5705367	86.9200902	0.3862042	-0.0223683	0.92213632	0
443	4	-22.528446	86.5333273	75.0486654	0.3862042	-0.0223683	0.92213632	0
444	1	-50.0374	-128.59585	250.01933	0.38530308	0.00451611	-0.9227789	0
445	8	50.57385421	-85.8647944	250.0400039	-0.3773816	0.00035279	-0.9260398	0
446	1	-50.0374	86.3140351	250.01933	0.38530308	0.00451611	-0.9227789	0
447	1	-21.880249	-85.507539	262.220878	0.38530308	0.00451611	-0.9227789	0
448	6	93.6818048	86.3140351	146.30278	-0.9249582	0.0034223	0.38005319	0
449	7	92.7865732	-85.703631	191.12304	-0.92076	-0.0118607	-0.3879045	0
450	7	81.3121745	2.03289935	219.958404	-0.92076	-0.0118607	-0.3879045	0
451	7	93.2131008	1.27674006	192.716645	-0.92076	-0.0118607	-0.3879045	0
452	7	81.3121745	-129.25437	219.958404	-0.92076	-0.0118607	-0.3879045	0
453	7	92.999837	-129.25437	191.919843	-0.92076	-0.0118607	-0.3879045	0
454	6	93.6818048	-128.83606	146.30278	-0.9249582	0.0034223	0.38005319	0
455	7	92.999837	86.3140351	191.919843	-0.92076	-0.0118607	-0.3879045	0
456	6	82.2613473	86.3140351	117.631511	-0.9249582	0.0034223	0.38005319	0
457	6	93.6818048	1.04300546	146.30278	-0.9249582	0.0034223	0.38005319	0
458	6	82.2613473	-84.9965	117.631511	-0.9249582	0.0034223	0.38005319	0
459	7	81.3121745	86.3140351	219.958404	-0.92076	-0.0118607	-0.3879045	0
460	1	-22.153992	86.3140351	262.013226	0.38530308	0.00451611	-0.9227789	0
461	8	50.57385421	86.31403507	250.0400039	-0.3773816	0.00035279	-0.9260398	0
462	8	22.07448236	1.043005463	261.5785595	-0.3773816	0.00035279	-0.9260398	0
463	1	-50.0374	1.04300546	250.01933	0.38530308	0.00451611	-0.9227789	0
